v1 <- c(11.6, 17.1, 32.2, 18.1, 18.9, 35.9, 37.8, 14.5, 16.1, 31.1, 32.4, 14.0, 17.4, 34.5, 13.4)
v2 <- c(2.7, 2.4, 2.3, 2.3, 2.5, 2.5, 2.4, 2.6, 2.7, 2.6, 2.2, 2.7, 2.6, 2.3, 2.6)
